position=[30.754235	103.927988	0
30.754235	103.927988	0
30.754235	103.927988	0
30.754235	103.927988	0
30.754235	103.927988	0
30.754235	103.927988	0
30.754235	103.927988	0
30.754235	103.927988	0
30.754235	103.927988	0
30.754235	103.927988	0
30.754235	103.927988	0
30.754235	103.927988	0
30.754235	103.927988	0
30.754235	103.927988	0
30.754235	103.927988	0
30.754235	103.927988	0
30.754235	103.927988	0
30.754235	103.927988	0
30.754235	103.927988	0
30.754235	103.927988	0
30.754235	103.927988	0
30.754235	103.927988	0
30.754235	103.927988	0
30.754235	103.927988	0
30.754235	103.927988	0
30.754235	103.927988	0.1
30.754235	103.927988	0.2
30.754235	103.927989	0.3
30.754236	103.927989	0.4
30.754236	103.927989	0.6
30.754236	103.927989	0.7
30.754236	103.927989	0.8
30.754236	103.927989	0.8
30.754236	103.927989	0.8
30.754235	103.927989	0.9
30.754235	103.927989	0.9
30.754235	103.927989	1
30.754235	103.927989	1.1
30.754235	103.927989	1.1
30.754235	103.927989	1.1
30.754235	103.927989	1.2
30.754235	103.927989	1.2
30.754235	103.927989	1.2
30.754235	103.927989	1.3
30.754235	103.927989	1.3
30.754235	103.927989	1.4
30.754235	103.927989	1.4
30.754235	103.927989	1.4
30.754235	103.927989	1.4
30.754235	103.927989	1.4
30.754235	103.927989	1.4
30.754235	103.927989	1.4
30.754235	103.927989	1.4
30.754235	103.927989	1.4
30.754235	103.927989	1.4
30.754235	103.927989	1.4
30.754235	103.927989	1.4
30.754235	103.927989	1.4
30.754235	103.927989	1.4
30.754235	103.927989	1.4
30.754235	103.927989	1.4
30.754235	103.927989	1.4
30.754235	103.927989	1.4
30.754235	103.927989	1.4
30.754235	103.927989	1.4
30.754235	103.927989	1.4
30.754235	103.927989	1.4
30.754235	103.927989	1.4
30.754235	103.927989	1.4
30.754235	103.927989	1.4
30.754235	103.927989	1.4
30.754235	103.927989	1.4
30.754235	103.927989	1.4
30.754235	103.927989	1.4
30.754235	103.927989	1.4
30.754235	103.927989	1.4
30.754235	103.927989	1.4
30.754235	103.927989	1.4
30.754235	103.927989	1.4
30.754235	103.927989	1.4
30.754235	103.927989	1.4
30.754235	103.927989	1.4
30.754235	103.927989	1.4
30.754235	103.927989	1.4
30.754235	103.927989	1.4
30.754235	103.927989	1.4
30.754235	103.927989	1.4
30.754235	103.927989	1.4
30.754235	103.927989	1.4
30.754235	103.927989	1.4
30.754235	103.927989	1.4
30.754235	103.927989	1.4
30.754234	103.927989	1.4
30.754234	103.927989	1.4
30.754234	103.927989	1.4
30.754234	103.927989	1.4
30.754234	103.927989	1.4
30.754234	103.927988	1.4
30.754234	103.927988	1.4
30.754234	103.927988	1.4
30.754234	103.927988	1.4
30.754234	103.927988	1.4
30.754234	103.927988	1.4
30.754234	103.927988	1.4
30.754234	103.927988	1.4
30.754234	103.927988	1.4
30.754234	103.927988	1.4
30.754234	103.927988	1.4
30.754234	103.927988	1.4
30.754234	103.927988	1.4
30.754234	103.927988	1.4
30.754234	103.927988	1.4
30.754234	103.927988	1.4
30.754234	103.927988	1.4
30.754234	103.927988	1.4
30.754234	103.927988	1.4
30.754234	103.927988	1.4
30.754234	103.927988	1.4
30.754234	103.927988	1.4
30.754234	103.927988	1.4
30.754234	103.927988	1.4
30.754234	103.927988	1.4
30.754234	103.927988	1.4
30.754234	103.927988	1.4
30.754234	103.927988	1.4
30.754234	103.927988	1.4
30.754234	103.927988	1.4
30.754234	103.927989	1.4
30.754234	103.927989	1.4
30.754234	103.92799	1.4
30.754234	103.927991	1.4
30.754234	103.927992	1.4
30.754234	103.927993	1.4
30.754235	103.927994	1.4
30.754235	103.927996	1.4
30.754235	103.927997	1.4
30.754235	103.927998	1.4
30.754235	103.928	1.4
30.754235	103.928001	1.4
30.754236	103.928003	1.4
30.754236	103.928005	1.4
30.754236	103.928006	1.4
30.754236	103.928008	1.4
30.754236	103.928009	1.4
30.754237	103.928011	1.4
30.754237	103.928013	1.4
30.754237	103.928014	1.4
30.754237	103.928015	1.4
30.754237	103.928017	1.4
30.754237	103.928018	1.4
30.754237	103.92802	1.4
30.754237	103.928021	1.5
30.754237	103.928023	1.4
30.754237	103.928024	1.4
30.754237	103.928025	1.4
30.754237	103.928026	1.4
30.754236	103.928028	1.4
30.754236	103.928029	1.4
30.754236	103.92803	1.4
30.754235	103.928031	1.4
30.754234	103.928032	1.4
30.754234	103.928033	1.4
30.754233	103.928034	1.4
30.754232	103.928035	1.4
30.754232	103.928036	1.4
30.754231	103.928037	1.4
30.75423	103.928037	1.4
30.75423	103.928038	1.4
30.754229	103.928038	1.4
30.754228	103.928038	1.4
30.754228	103.928038	1.4
30.754227	103.928038	1.4
30.754227	103.928038	1.4
30.754226	103.928037	1.4
30.754226	103.928037	1.4
30.754225	103.928036	1.4
30.754225	103.928036	1.4
30.754224	103.928035	1.4
30.754224	103.928035	1.4
30.754223	103.928034	1.4
30.754223	103.928033	1.4
30.754223	103.928033	1.4
30.754223	103.928032	1.4
30.754222	103.928031	1.4
30.754222	103.92803	1.4
30.754223	103.92803	1.4
30.754223	103.928029	1.4
30.754223	103.928028	1.4
30.754223	103.928027	1.4
30.754224	103.928027	1.4
30.754224	103.928026	1.4
30.754225	103.928025	1.4
30.754225	103.928025	1.4
30.754226	103.928025	1.4
30.754226	103.928024	1.4
30.754227	103.928024	1.4
30.754228	103.928024	1.4
30.754228	103.928024	1.4
30.754229	103.928023	1.4
30.75423	103.928023	1.4
30.75423	103.928022	1.4
30.754231	103.928022	1.4
30.754232	103.928021	1.4
30.754233	103.928021	1.4
30.754234	103.92802	1.4
30.754235	103.92802	1.4
30.754236	103.928019	1.4
30.754237	103.928019	1.4
30.754238	103.928018	1.4
30.754239	103.928018	1.4
30.75424	103.928017	1.4
30.75424	103.928017	1.4
30.754241	103.928016	1.4
30.754242	103.928016	1.4
30.754242	103.928016	1.4
30.754242	103.928016	1.4
30.754243	103.928015	1.4
30.754243	103.928015	1.4
30.754244	103.928015	1.4
30.754244	103.928015	1.4
30.754245	103.928015	1.4
30.754245	103.928015	1.4
30.754246	103.928015	1.4
30.754247	103.928015	1.4
30.754248	103.928015	1.4
30.754248	103.928014	1.4
30.754249	103.928014	1.4
30.75425	103.928014	1.4
30.754251	103.928014	1.4
30.754252	103.928014	1.4
30.754253	103.928014	1.4
30.754254	103.928014	1.4
30.754255	103.928014	1.4
30.754256	103.928013	1.4
30.754256	103.928013	1.4
30.754257	103.928013	1.4
30.754258	103.928013	1.4
30.754258	103.928013	1.4
30.754259	103.928013	1.4
30.754259	103.928014	1.4
30.75426	103.928015	1.4
30.75426	103.928015	1.4
30.75426	103.928016	1.4
30.75426	103.928018	1.4
30.75426	103.928019	1.4
30.75426	103.928021	1.4
30.754259	103.928022	1.4
30.754259	103.928024	1.4
30.754259	103.928026	1.4
30.754259	103.928027	1.4
30.754258	103.928029	1.4
30.754258	103.928031	1.4
30.754258	103.928032	1.4
30.754258	103.928034	1.4
30.754258	103.928035	1.4
30.754257	103.928037	1.4
30.754257	103.928038	1.4
30.754257	103.928039	1.4
30.754257	103.928041	1.4
30.754256	103.928042	1.4
30.754256	103.928043	1.4
30.754256	103.928043	1.5
30.754256	103.928044	1.5
30.754255	103.928044	1.5
30.754255	103.928044	1.5
30.754255	103.928043	1.5
30.754254	103.928043	1.5
30.754254	103.928043	1.5
30.754254	103.928042	1.5
30.754254	103.928042	1.5
30.754253	103.928041	1.5
30.754253	103.92804	1.5
30.754252	103.928039	1.5
30.754251	103.928038	1.5
30.754251	103.928037	1.4
30.75425	103.928036	1.4
30.754249	103.928035	1.4
30.754248	103.928034	1.4
30.754247	103.928033	1.4
30.754246	103.928032	1.4
30.754246	103.928031	1.4
30.754245	103.92803	1.4
30.754244	103.928029	1.5
30.754244	103.928028	1.5
30.754243	103.928026	1.5
30.754243	103.928025	1.5
30.754243	103.928024	1.4
30.754243	103.928022	1.4
30.754242	103.928021	1.4
30.754242	103.92802	1.4
30.754242	103.928019	1.4
30.754243	103.928019	1.4
30.754243	103.928018	1.4
30.754243	103.928018	1.4
30.754243	103.928017	1.4
30.754244	103.928017	1.4
30.754244	103.928016	1.4
30.754245	103.928015	1.4
30.754246	103.928014	1.4
30.754246	103.928014	1.4
30.754247	103.928013	1.4
30.754248	103.928012	1.4
30.754249	103.928012	1.4
30.75425	103.928011	1.4
30.754251	103.92801	1.4
30.754251	103.92801	1.4
30.754252	103.928009	1.4
30.754253	103.928009	1.4
30.754253	103.928008	1.5
30.754253	103.928007	1.5
